Round	Start	End	Benchmark_Elapsed	Tuning_overhead
1	1779581635.415583	1779581657.8016596	22.38607668876648	0.0
2	1779581657.8129365	1779581680.182296	22.369359493255615	0.011276960372924805
3	1779581680.1950576	1779581702.5701523	22.375094652175903	0.012761592864990234
4	1779581702.5848064	1779581724.9544618	22.36965537071228	0.014654159545898438
5	1779581724.9708793	1779581747.3468006	22.37592124938965	0.016417503356933594
6	1779581747.3658404	1779581769.7502398	22.3843994140625	0.01903986930847168
7	1779581769.7682781	1779581792.1398568	22.371578693389893	0.018038272857666016
8	1779581792.1598222	1779581814.538511	22.37868881225586	0.019965410232543945
9	1779581814.5599332	1779581836.9309165	22.370983362197876	0.021422147750854492
10	1779581836.9529617	1779581859.3212457	22.368283987045288	0.022045135498046875
11	1779581859.345387	1779581881.7106764	22.365289449691772	0.024141311645507812
12	1779581881.7362394	1779581904.1225903	22.386350870132446	0.02556300163269043
13	1779581904.1497633	1779581926.5193822	22.369618892669678	0.02717304229736328
14	1779581926.5467863	1779581948.9180882	22.371301889419556	0.027404069900512695
15	1779581948.9474835	1779581971.303424	22.355940341949463	0.029395341873168945
16	1779581971.3338618	1779582001.7666528	30.432790994644165	0.030437946319580078
17	1779582001.7867968	1779582024.1739833	22.387186527252197	0.020143985748291016
18	1779582027.5972466	1779582054.898462	27.301215410232544	3.4232633113861084
19	1779582054.936586	1779582078.3222558	23.385669946670532	0.03812384605407715
20	1779582078.3599937	1779582100.7474473	22.38745355606079	0.03773784637451172
21	1779582100.7872405	1779582123.1623256	22.37508511543274	0.03979325294494629
22	1779582123.2030494	1779582145.5860486	22.382999181747437	0.04072380065917969
23	1779582145.6276991	1779582168.0069876	22.3792884349823	0.04165053367614746
24	1779582168.0493205	1779582190.4180017	22.36868119239807	0.04233288764953613
25	1779582194.0146627	1779582224.3654523	30.350789546966553	3.59666109085083
26	1779582224.411039	1779582254.6364174	30.225378274917603	0.04558682441711426
27	1779582254.6843112	1779582278.9579985	24.2736873626709	0.04789376258850098
28	1779582279.0062735	1779582301.3898778	22.383604288101196	0.048274993896484375
29	1779582301.4376872	1779582323.8151479	22.377460718154907	0.04780936241149902
30	1779582323.8644292	1779582346.2743938	22.409964561462402	0.04928135871887207
31	1779582346.3242807	1779582368.695247	22.37096619606018	0.04988694190979004
32	1779582368.7469497	1779582391.1303616	22.38341188430786	0.05170273780822754
33	1779582394.9061277	1779582426.6018996	31.69577193260193	3.775766134262085
34	1779582426.6557956	1779582461.7321672	35.07637166976929	0.05389595031738281
35	1779582461.7859435	1779582486.1668406	24.380897045135498	0.05377626419067383
36	1779582486.2205043	1779582508.6269193	22.40641498565674	0.05366373062133789
37	1779582508.681873	1779582531.0626547	22.380781650543213	0.054953813552856445
38	1779582531.1152313	1779582553.490998	22.37576675415039	0.052576541900634766
39	1779582553.550646	1779582583.3477173	29.7970712184906	0.05964803695678711
40	1779582583.4038029	1779582606.7831595	23.379356622695923	0.05608558654785156
41	1779582610.77083	1779582641.4653716	30.694541692733765	3.987670421600342
42	1779582641.5244536	1779582672.3886619	30.864208221435547	0.05908203125
43	1779582672.417735	1779582705.5237796	33.10604453086853	0.029073238372802734
44	1779582705.5795934	1779582737.634466	32.05487251281738	0.05581378936767578
45	1779582737.6944196	1779582767.0615568	29.36713719367981	0.05995368957519531
46	1779582767.1222827	1779582799.6131482	32.49086546897888	0.06072592735290527
47	1779582799.6746447	1779582822.8432412	23.168596506118774	0.06149649620056152
48	1779582822.9068017	1779582845.2705941	22.363792419433594	0.06356048583984375
49	1779582845.3483384	1779582867.738821	22.390482664108276	0.0777442455291748
50	1779582867.8013823	1779582890.1788034	22.377421140670776	0.0625612735748291
51	1779582894.1649532	1779582925.4713516	31.306398391723633	3.986149787902832
52	1779582925.534719	1779582948.9104924	23.375773429870605	0.06336736679077148
53	1779582948.9737246	1779582979.7763486	30.802623987197876	0.0632321834564209
54	1779582979.839941	1779583012.1700015	32.33006048202515	0.06359243392944336
55	1779583166.6698225	1779583197.2453928	30.575570344924927	154.4998209476471
56	1779583197.3117747	1779583230.5942667	33.28249192237854	0.06638193130493164
57	1779583230.6606526	1779583265.915744	35.255091428756714	0.06638598442077637
58	1779583265.9849842	1779583295.833948	29.848963737487793	0.06924009323120117
59	1779583295.9017787	1779583327.405419	31.5036404132843	0.06783080101013184
60	1779583327.4715536	1779583359.0632749	31.591721296310425	0.06613445281982422
61	1779583359.1314921	1779583390.2507088	31.119216680526733	0.06821727752685547
62	1779583390.3192015	1779583421.9039443	31.584742784500122	0.06849265098571777
63	1779583426.171702	1779583461.7207732	35.549071311950684	4.2677576541900635
64	1779583461.7957404	1779583493.9070923	32.11135196685791	0.0749671459197998
65	1779583493.9776037	1779583526.0147598	32.037156105041504	0.0705113410949707
66	1779583526.0859911	1779583560.405591	34.319599866867065	0.07123136520385742
67	1779583560.4476511	1779583593.9132023	33.465551137924194	0.042060136795043945
68	1779583593.9860353	1779583628.517184	34.53114867210388	0.07283306121826172
69	1779583628.590761	1779583660.6628082	32.07204723358154	0.0735769271850586
70	1779583660.737414	1779583685.5106018	24.77318787574768	0.07460570335388184
71	1779583689.7889473	1779583719.359742	29.570794582366943	4.278345584869385
72	1779583725.2793574	1779583756.2474573	30.96809983253479	5.9196155071258545
73	1779583756.319736	1779583788.591412	32.2716760635376	0.07227873802185059
74	1779583788.666243	1779583821.2230775	32.55683445930481	0.07483100891113281
75	1779583821.301982	1779583853.6824381	32.38045620918274	0.07890439033508301
76	1779583853.7590926	1779583889.077752	35.31865954399109	0.07665443420410156
77	1779583889.1648014	1779583922.8157024	33.650901079177856	0.08704924583435059
78	1779583922.8931148	1779583955.515082	32.62196707725525	0.07741236686706543
79	1779583955.5934281	1779583979.3730958	23.779667615890503	0.07834625244140625
80	1779583983.5336156	1779584012.1345756	28.60096001625061	4.16051983833313
81	1779584012.2180352	1779584035.7196643	23.501629114151	0.08345961570739746
82	1779584035.7992182	1779584064.6928515	28.893633365631104	0.07955384254455566
83	1779584064.773029	1779584096.589688	31.816658973693848	0.08017754554748535
84	1779584096.671972	1779584120.5863266	23.9143545627594	0.08228397369384766
85	1779584120.6673844	1779584143.0500603	22.382675886154175	0.08105778694152832
86	1779584143.1324124	1779584173.721652	30.589239597320557	0.0823521614074707
87	1779584173.8133154	1779584211.9147105	38.10139513015747	0.09166336059570312
88	1779584212.0411255	1779584237.1149275	25.07380199432373	0.12641501426696777
89	1779584241.250916	1779584268.4816427	27.230726718902588	4.135988473892212
90	1779584268.567733	1779584301.4118853	32.844152212142944	0.0860903263092041
91	1779584301.4961681	1779584334.3509462	32.85477805137634	0.08428287506103516
92	1779584334.4360888	1779584366.0041246	31.56803584098816	0.08514261245727539
93	1779584372.0839171	1779584401.1199257	29.036008596420288	6.079792499542236
94	1779584401.205899	1779584430.438418	29.232518911361694	0.08597326278686523
95	1779584430.5268428	1779584458.6773002	28.15045738220215	0.0884249210357666
96	1779584458.7693534	1779584489.5468397	30.777486324310303	0.09205317497253418
97	1779584489.6352851	1779584522.348222	32.712936878204346	0.08844542503356934
98	1779584522.4365768	1779584552.9033177	30.46674084663391	0.08835482597351074
99	1779584552.9925652	1779584588.7565327	35.763967514038086	0.08924746513366699
100	1779584588.8456135	1779584623.3085997	34.46298623085022	0.089080810546875
101	1779584627.557006	1779584661.4523165	33.89531064033508	4.248406171798706
102	1779584661.54665	1779584694.8183897	33.27173972129822	0.09433341026306152
103	1779584694.9102244	1779584727.672544	32.762319564819336	0.09183478355407715
104	1779584727.7643642	1779584759.4311633	31.666799068450928	0.09182024002075195
105	1779584759.5191002	1779584791.2624683	31.74336814880371	0.0879368782043457
106	1779584791.355992	1779584820.8524654	29.49647331237793	0.09352374076843262
107	1779584820.9453256	1779584853.4810205	32.53569483757019	0.09286022186279297
108	1779584853.5839596	1779584877.0549285	23.4709689617157	0.10293912887573242
109	1779584881.264104	1779584913.9480305	32.683926582336426	4.20917534828186
110	1779584920.4339945	1779584948.3463573	27.912362813949585	6.485964059829712
111	1779584948.4425087	1779584977.2384045	28.79589581489563	0.09615135192871094
112	1779584977.3351164	1779585005.8773077	28.54219126701355	0.09671187400817871
113	1779585005.9787612	1779585035.857671	29.878909826278687	0.10145354270935059
114	1779585035.9561336	1779585067.1885417	31.232408046722412	0.09846258163452148
115	1779585067.2883942	1779585100.52598	33.23758578300476	0.0998525619506836
116	1779585100.6256986	1779585132.3304358	31.704737186431885	0.09971857070922852
117	1779585132.4299946	1779585164.5934691	32.163474559783936	0.09955883026123047
118	1779585168.8984156	1779585199.4458652	30.547449588775635	4.304946422576904
119	1779585199.550528	1779585227.8741462	28.323618173599243	0.10466289520263672
120	1779585227.9768133	1779585262.5257215	34.54890823364258	0.10266709327697754
121	1779585262.6290355	1779585293.0243492	30.39531373977661	0.10331392288208008
122	1779585293.1296744	1779585323.233301	30.103626489639282	0.10532522201538086
123	1779585323.3372188	1779585352.6221418	29.28492307662964	0.10391783714294434
124	1779585352.7270045	1779585382.2092917	29.482287168502808	0.10486268997192383
125	1779585382.3198907	1779585413.0588496	30.738958835601807	0.11059904098510742
126	1779585419.939549	1779585449.6080384	29.668489456176758	6.880699396133423
127	1779585449.7120273	1779585478.1312397	28.419212341308594	0.1039888858795166
128	1779585478.2363586	1779585512.5846193	34.34826064109802	0.10511898994445801
129	1779585512.693178	1779585545.2597265	32.566548585891724	0.10855865478515625
130	1779585545.3653352	1779585574.0697	28.704364776611328	0.10560870170593262
131	1779585574.178213	1779585602.8319566	28.653743743896484	0.10851287841796875
132	1779585602.9430225	1779585633.8904908	30.947468280792236	0.11106586456298828
133	1779585633.9984283	1779585665.7787175	31.78028917312622	0.10793757438659668
134	1779585670.2039104	1779585701.0773916	30.873481273651123	4.425192832946777
135	1779585701.191405	1779585734.285835	33.0944299697876	0.1140134334564209
136	1779585734.398027	1779585765.0370657	30.639038801193237	0.11219191551208496
137	1779585765.1480925	1779585795.3157763	30.167683839797974	0.11102676391601562
138	1779585795.42716	1779585823.6863246	28.259164571762085	0.11138367652893066
139	1779585823.7986457	1779585851.8939722	28.09532642364502	0.11232113838195801
140	1779585852.0052826	1779585880.2501745	28.24489188194275	0.11131048202514648
141	1779585880.3726408	1779585908.6834764	28.310835599899292	0.1224663257598877
142	1779585915.640964	1779585949.062764	33.42179989814758	6.9574875831604
143	1779585949.1778138	1779585977.0370162	27.85920238494873	0.11504983901977539
144	1779585977.153055	1779586007.8895783	30.736523389816284	0.11603879928588867
145	1779586008.0125818	1779586038.7047374	30.692155599594116	0.12300348281860352
146	1779586038.8220904	1779586067.580097	28.75800657272339	0.11735296249389648
147	1779586067.6973526	1779586096.6420524	28.94469976425171	0.11725568771362305
148	1779586096.7590084	1779586125.311531	28.552522659301758	0.11695599555969238
149	1779586125.3987865	1779586154.1255376	28.72675108909607	0.08725547790527344
150	1779586158.5717142	1779586187.6835778	29.111863613128662	4.446176528930664
151	1779586187.8077316	1779586217.1215234	29.313791751861572	0.12415385246276855
152	1779586217.2398827	1779586250.194948	32.95506525039673	0.11835932731628418
153	1779586250.3171456	1779586278.7288904	28.411744832992554	0.12219762802124023
154	1779586278.8488665	1779586308.8132436	29.9643771648407	0.11997604370117188
155	1779586308.9370847	1779586338.314642	29.377557277679443	0.1238410472869873
156	1779586338.436762	1779586367.3403652	28.903603076934814	0.12212014198303223
157	1779586367.4696267	1779586396.0716443	28.602017641067505	0.12926149368286133
158	1779586403.3623288	1779586432.1895823	28.827253580093384	7.290684461593628
159	1779586432.311798	1779586460.764234	28.452435970306396	0.12221574783325195
160	1779586460.8869078	1779586494.5904334	33.70352554321289	0.12267374992370605
161	1779586494.6884532	1779586526.071428	31.382974863052368	0.09801983833312988
162	1779586526.1969855	1779586559.5591147	33.36212921142578	0.12555742263793945
163	1779586559.685056	1779586588.1831381	28.498082160949707	0.12594127655029297
164	1779586588.3085968	1779586616.29804	27.989443063735962	0.1254587173461914
165	1779586616.4247646	1779586647.9823632	31.55759859085083	0.1267247200012207
166	1779586652.392517	1779586683.8895106	31.49699354171753	4.410153865814209
167	1779586684.0216615	1779586712.5457723	28.524110794067383	0.13215088844299316
168	1779586712.6744688	1779586741.3871171	28.712648391723633	0.12869644165039062
169	1779586741.516514	1779586768.8269668	27.310452699661255	0.12939691543579102
170	1779586768.9565656	1779586797.0864263	28.129860639572144	0.12959885597229004
171	1779586797.216916	1779586825.3959162	28.17900013923645	0.13048982620239258
172	1779586825.5256143	1779586853.789191	28.26357674598694	0.1296980381011963
173	1779586853.9267468	1779586886.6555111	32.728764295578	0.13755583763122559
174	1779586894.2790654	1779586923.202552	28.923486709594727	7.623554229736328
175	1779586923.3343465	1779586954.5317116	31.197365045547485	0.13179445266723633
176	1779586954.6619601	1779586984.2852516	29.623291492462158	0.1302485466003418
177	1779586984.4205048	1779587013.645783	29.22527813911438	0.1352531909942627
178	1779587013.780195	1779587042.2966638	28.51646876335144	0.13441205024719238
179	1779587042.4301493	1779587070.3656049	27.935455560684204	0.1334855556488037
180	1779587070.5039175	1779587098.8064778	28.302560329437256	0.13831257820129395
181	1779587098.9447637	1779587131.6614978	32.716734170913696	0.13828587532043457
182	1779587136.2687423	1779587166.8371544	30.56841206550598	4.607244491577148
183	1779587166.9816184	1779587197.6415508	30.659932374954224	0.14446401596069336
184	1779587197.7777016	1779587226.5488136	28.771111965179443	0.13615083694458008
185	1779587226.6852903	1779587256.0021684	29.316878080368042	0.13647675514221191
186	1779587256.1422083	1779587285.7552853	29.61307692527771	0.14003992080688477
187	1779587285.894634	1779587317.390091	31.49545693397522	0.13934874534606934
188	1779587317.5334692	1779587348.023399	30.489929914474487	0.14337825775146484
189	1779587348.1723597	1779587378.3873317	30.214972019195557	0.14896059036254883
190	1779587386.5531373	1779587415.0919309	28.538793563842773	8.165805578231812
191	1779587415.2327363	1779587444.7950695	29.56233310699463	0.14080548286437988
192	1779587444.9372377	1779587475.4317248	30.494487047195435	0.14216828346252441
193	1779587475.5760422	1779587506.616914	31.0408718585968	0.1443173885345459
194	1779587506.7605643	1779587535.2548172	28.494252920150757	0.14365029335021973
195	1779587535.3978095	1779587565.102102	29.70429253578186	0.14299225807189941
196	1779587565.245649	1779587595.105597	29.85994791984558	0.14354705810546875
197	1779587595.254434	1779587625.3052514	30.050817251205444	0.14883708953857422
198	1779587630.0467906	1779587659.3553665	29.308575868606567	4.741539239883423
199	1779587659.5094473	1779587687.4107316	27.901284217834473	0.15408086776733398
200	1779587687.5580235	1779587715.432123	27.874099493026733	0.147291898727417
201	1779587715.5820756	1779587743.5975232	28.01544761657715	0.14995265007019043
202	1779587743.7490788	1779587772.3576095	28.6085307598114	0.15155553817749023
203	1779587772.5059295	1779587802.0158532	29.509923696517944	0.14831995964050293
204	1779587802.1626754	1779587830.5301147	28.36743927001953	0.14682221412658691
205	1779587830.6872354	1779587859.267536	28.5803005695343	0.1571207046508789
206	1779587867.646687	1779587895.930981	28.28429388999939	8.379151105880737
207	1779587896.0851586	1779587924.828338	28.743179321289062	0.15417766571044922
208	1779587924.9860713	1779587955.0397346	30.05366325378418	0.15773344039916992
209	1779587955.1929984	1779587988.2985137	33.105515241622925	0.15326380729675293
210	1779587988.450594	1779588019.303457	30.852863073349	0.15208029747009277
211	1779588019.455237	1779588052.5323284	33.077091455459595	0.1517798900604248
212	1779588052.6882153	1779588081.8057241	29.11750888824463	0.15588688850402832
213	1779588081.951013	1779588110.130827	28.179813861846924	0.14528894424438477
214	1779588114.8725598	1779588142.7154355	27.842875719070435	4.741732835769653
215	1779588142.8625684	1779588173.8820143	31.01944589614868	0.14713287353515625
216	1779588174.0416014	1779588202.5300677	28.488466262817383	0.15958714485168457
217	1779588202.6860013	1779588231.2921968	28.6061954498291	0.15593361854553223
218	1779588231.4494872	1779588259.4184275	27.968940258026123	0.15729045867919922
219	1779588259.5794113	1779588287.8216877	28.242276430130005	0.16098380088806152
220	1779588287.982477	1779588316.671316	28.688838958740234	0.16078925132751465
221	1779588316.8420434	1779588346.1790705	29.337027072906494	0.17072749137878418
222	1779588355.135102	1779588385.8032346	30.668132543563843	8.956031560897827
223	1779588385.972481	1779588413.6638145	27.691333532333374	0.16924643516540527
224	1779588413.8274372	1779588441.6709685	27.843531370162964	0.16362261772155762
225	1779588441.839574	1779588471.4605854	29.62101125717163	0.16860556602478027
226	1779588471.6236548	1779588499.8498971	28.226242303848267	0.163069486618042
227	1779588500.001986	1779588532.3766363	32.37465023994446	0.15208888053894043
228	1779588532.5408895	1779588564.3957045	31.854815006256104	0.16425323486328125
229	1779588564.5583677	1779588599.0338292	34.47546148300171	0.16266322135925293
230	1779588603.4552813	1779588634.7863286	31.331047296524048	4.421452045440674
231	1779588634.9530416	1779588663.493113	28.540071487426758	0.16671299934387207
232	1779588663.6591146	1779588691.342075	27.682960510253906	0.166001558303833
233	1779588691.511143	1779588723.0679257	31.556782722473145	0.1690678596496582
234	1779588723.2325547	1779588754.3226604	31.090105772018433	0.1646289825439453
235	1779588754.4933162	1779588785.2368584	30.743542194366455	0.1706557273864746
236	1779588785.4019856	1779588814.0363476	28.63436198234558	0.16512727737426758
237	1779588814.2151606	1779588842.4245863	28.209425687789917	0.17881298065185547
238	1779588851.5457985	1779588883.1337972	31.587998628616333	9.121212244033813
239	1779588883.3050392	1779588911.2253165	27.92027735710144	0.17124199867248535
240	1779588911.3986182	1779588939.6340992	28.235481023788452	0.17330169677734375
241	1779588939.7755132	1779588968.4573128	28.68179965019226	0.14141392707824707
242	1779588968.6277587	1779588997.0926251	28.464866399765015	0.17044591903686523
243	1779588997.2577822	1779589025.366309	28.108526706695557	0.16515707969665527
244	1779589025.5415623	1779589053.9473188	28.40575647354126	0.17525339126586914
245	1779589054.11765	1779589087.774334	33.656683921813965	0.17033123970031738
246	1779589092.4081373	1779589120.236578	27.82844066619873	4.633803367614746
247	1779589120.4119704	1779589148.425556	28.013585567474365	0.17539238929748535
248	1779589148.5986383	1779589176.9027565	28.304118156433105	0.1730823516845703
249	1779589177.077008	1779589205.6445792	28.56757116317749	0.17425155639648438
250	1779589205.8221471	1779589234.7969441	28.974797010421753	0.1775679588317871
251	1779589234.9705982	1779589262.876734	27.90613579750061	0.17365407943725586
252	1779589263.058184	1779589290.6917832	27.633599281311035	0.18144989013671875
253	1779589290.8783967	1779589318.722908	27.84451127052307	0.1866135597229004
254	1779589328.4943943	1779589356.7249987	28.23060441017151	9.771486282348633
255	1779589356.9063826	1779589385.092779	28.18639636039734	0.18138384819030762
256	1779589385.2719824	1779589413.5213177	28.249335289001465	0.17920351028442383
257	1779589413.7035024	1779589442.6066768	28.90317440032959	0.18218469619750977
258	1779589442.7877614	1779589471.7029972	28.91523575782776	0.18108463287353516
259	1779589471.886801	1779589500.1127741	28.22597312927246	0.18380379676818848
260	1779589500.2947185	1779589528.566871	28.272152423858643	0.1819443702697754
261	1779589528.7476375	1779589556.6886845	27.941046953201294	0.18076658248901367
262	1779589561.1727498	1779589588.8750672	27.702317476272583	4.484065294265747
263	1779589589.0614166	1779589617.0647736	28.00335693359375	0.18634939193725586
264	1779589617.247763	1779589645.6822157	28.434452772140503	0.18298935890197754
265	1779589645.8658943	1779589674.3557394	28.489845037460327	0.18367862701416016
266	1779589674.5385597	1779589702.7053225	28.166762828826904	0.18282032012939453
267	1779589702.8904853	1779589731.3487277	28.458242416381836	0.18516278266906738
268	1779589731.534507	1779589765.1021054	33.56759834289551	0.18577933311462402
269	1779589765.2963943	1779589794.9141886	29.617794275283813	0.194288969039917
270	1779589805.2285278	1779589833.06987	27.841342210769653	10.31433916091919
271	1779589833.2581847	1779589861.476936	28.218751430511475	0.18831467628479004
272	1779589861.6624277	1779589884.7382793	23.075851678848267	0.18549156188964844
273	1779589884.927761	1779589912.9517493	28.023988246917725	0.1894817352294922
274	1779589913.1412315	1779589941.5065	28.36526846885681	0.1894822120666504
275	1779589941.6949918	1779589977.2782276	35.58323574066162	0.1884918212890625
276	1779589977.4672556	1779590008.0422838	30.57502818107605	0.18902802467346191
277	1779590008.2303116	1779590039.905875	31.6755633354187	0.18802785873413086
278	1779590044.6742854	1779590075.4959564	30.82167100906372	4.7684104442596436
279	1779590075.6902046	1779590106.9755218	31.285317182540894	0.19424819946289062
280	1779590107.1631186	1779590135.5625083	28.39938974380493	0.18759679794311523
281	1779590135.7569828	1779590164.046558	28.28957509994507	0.194474458694458
282	1779590164.2381918	1779590193.0119095	28.773717641830444	0.191633939743042
283	1779590193.196137	1779590221.2275698	28.03143286705017	0.18422746658325195
284	1779590221.4200478	1779590249.0632684	27.64322066307068	0.19247794151306152
285	1779590249.2648222	1779590277.196276	27.931453704833984	0.2015538215637207
286	1779590281.8149729	1779590310.0851471	28.270174264907837	4.618696928024292
287	1779590320.9677641	1779590349.2276566	28.259892463684082	10.882616996765137
288	1779590349.4132292	1779590377.8801606	28.466931343078613	0.18557262420654297
289	1779590378.0462897	1779590406.2555344	28.20924472808838	0.16612911224365234
290	1779590406.4535644	1779590434.5631738	28.109609365463257	0.1980299949645996
291	1779590434.7599556	1779590464.037249	29.27729344367981	0.19678187370300293
292	1779590464.231866	1779590496.7530549	32.52118897438049	0.19461679458618164
293	1779590496.951112	1779590525.960181	29.009068965911865	0.1980571746826172
294	1779590526.1584084	1779590554.9842937	28.82588529586792	0.1982274055480957
295	1779590559.510016	1779590587.561184	28.051167964935303	4.52572226524353
296	1779590587.7695193	1779590615.7615092	27.991989850997925	0.20833539962768555
297	1779590615.9612858	1779590647.7105231	31.749237298965454	0.19977664947509766
298	1779590647.9124959	1779590677.3152916	29.402795791625977	0.20197272300720215
299	1779590677.5161734	1779590705.8057575	28.289584159851074	0.2008817195892334
300	1779590706.0086715	1779590735.1642485	29.155576944351196	0.20291399955749512
301	1779590735.339962	1779590765.82248	30.482517957687378	0.17571353912353516
302	1779590766.0333238	1779590789.0141153	22.980791568756104	0.21084380149841309
303	1779590793.7155287	1779590822.1092982	28.39376950263977	4.70141339302063
304	1779590833.609243	1779590862.3979685	28.78872561454773	11.499944686889648
305	1779590862.60095	1779590890.8419864	28.241036415100098	0.20298147201538086
306	1779590891.047903	1779590918.9504414	27.902538299560547	0.2059166431427002
307	1779590919.1607292	1779590947.2375298	28.07680058479309	0.21028780937194824
308	1779590947.4448762	1779590975.7187657	28.273889541625977	0.20734643936157227
309	1779590975.9261951	1779591004.3017921	28.37559700012207	0.2074294090270996
310	1779591004.5096881	1779591036.6629465	32.153258323669434	0.20789599418640137
311	1779591036.8717887	1779591068.183978	31.31218934059143	0.20884227752685547
312	1779591073.0800261	1779591101.4627454	28.38271927833557	4.896048069000244
313	1779591101.6757576	1779591129.6382642	27.962506532669067	0.2130122184753418
314	1779591129.8489563	1779591158.138879	28.2899227142334	0.2106921672821045
315	1779591158.3493683	1779591189.114066	30.764697551727295	0.21048927307128906
316	1779591189.325121	1779591219.7352817	30.410160779953003	0.21105504035949707
317	1779591219.9455662	1779591249.8062866	29.86072039604187	0.21028447151184082
318	1779591250.0217106	1779591280.2547743	30.23306369781494	0.2154240608215332
319	1779591280.4743223	1779591308.8986003	28.424278020858765	0.21954798698425293
320	1779591320.8056679	1779591348.8363895	28.03072166442871	11.90706753730774
321	1779591349.0524135	1779591377.50028	28.447866439819336	0.21602392196655273
322	1779591377.7135816	1779591406.2552788	28.54169726371765	0.2133016586303711
323	1779591406.472598	1779591434.3965554	27.923957347869873	0.21731925010681152
324	1779591434.6138628	1779591467.1272957	32.51343297958374	0.21730732917785645
325	1779591467.3160217	1779591496.0749164	28.758894681930542	0.18872594833374023
326	1779591496.2921093	1779591527.1439085	30.851799249649048	0.2171928882598877
327	1779591527.3598351	1779591557.3205273	29.960692167282104	0.2159266471862793
328	1779591562.0695424	1779591590.407194	28.33765149116516	4.7490150928497314
329	1779591590.6297214	1779591618.5803413	27.95061993598938	0.22252750396728516
330	1779591618.7978725	1779591647.2176063	28.41973376274109	0.2175312042236328
331	1779591647.4366577	1779591675.7050388	28.268381118774414	0.21905136108398438
332	1779591675.9262214	1779591703.6772676	27.751046180725098	0.22118258476257324
333	1779591703.8972619	1779591731.6126697	27.715407848358154	0.21999430656433105
334	1779591731.8367558	1779591759.9531815	28.11642575263977	0.22408604621887207
335	1779591760.1849587	1779591788.4413488	28.25639009475708	0.23177719116210938
336	1779591800.9321764	1779591829.47297	28.540793657302856	12.490827560424805
337	1779591829.6984773	1779591858.4527943	28.754317045211792	0.22550725936889648
338	1779591858.6765656	1779591886.9448853	28.268319606781006	0.223771333694458
339	1779591887.1726272	1779591915.508308	28.335680723190308	0.22774195671081543
340	1779591915.738359	1779591943.654665	27.916306018829346	0.23005104064941406
341	1779591943.8790584	1779591972.031774	28.1527156829834	0.22439336776733398
342	1779591972.2543626	1779592000.585693	28.33133029937744	0.22258853912353516
343	1779592000.8129213	1779592029.2294888	28.41656756401062	0.22722840309143066
344	1779592033.7454734	1779592062.3269987	28.581525325775146	4.515984535217285
345	1779592062.5570264	1779592091.6662145	29.109188079833984	0.2300276756286621
346	1779592091.8929298	1779592120.3483675	28.455437660217285	0.2267153263092041
347	1779592120.5770743	1779592148.685007	28.107932806015015	0.22870683670043945
348	1779592148.9139037	1779592176.73625	27.822346210479736	0.2288966178894043
349	1779592176.9648738	1779592205.4856236	28.520749807357788	0.2286238670349121
350	1779592205.7134764	1779592234.492384	28.778907537460327	0.22785282135009766
351	1779592234.7316093	1779592263.3584347	28.6268253326416	0.2392253875732422
352	1779592276.4834545	1779592304.569202	28.085747480392456	13.125019788742065
353	1779592304.8019376	1779592332.8380036	28.03606605529785	0.23273563385009766
354	1779592333.0407946	1779592361.8663814	28.825586795806885	0.2027909755706787
355	1779592362.108199	1779592391.0078228	28.89962387084961	0.24181747436523438
356	1779592391.239381	1779592419.682945	28.44356393814087	0.23155832290649414
357	1779592419.917622	1779592443.2838647	23.36624264717102	0.23467707633972168
358	1779592443.517527	1779592465.8859096	22.368382453918457	0.23366236686706543
359	1779592466.1198595	1779592488.4870605	22.36720108985901	0.23394989967346191
360	1779592493.332832	1779592521.0804155	27.747583389282227	4.845771551132202
361	1779592521.3208501	1779592549.286783	27.965932846069336	0.2404346466064453
362	1779592549.524279	1779592577.7893045	28.26502537727356	0.23749613761901855
363	1779592578.0270498	1779592606.736656	28.709606170654297	0.2377452850341797
364	1779592606.97565	1779592634.7646437	27.78899359703064	0.23899412155151367
365	1779592635.0042686	1779592663.4485438	28.44427514076233	0.2396249771118164
366	1779592663.686923	1779592691.9642565	28.2773334980011	0.23837924003601074
367	1779592692.2111094	1779592719.6681666	27.457057237625122	0.24685287475585938
368	1779592724.3305483	1779592752.2524297	27.921881437301636	4.662381649017334
369	1779592752.4926949	1779592780.8464572	28.35376238822937	0.2402651309967041
370	1779592781.087778	1779592814.1126487	33.02487063407898	0.24132084846496582
371	1779592828.0310962	1779592856.247586	28.216489791870117	13.918447494506836
372	1779592856.4882379	1779592884.4726	27.98436212539673	0.24065184593200684
373	1779592884.7213125	1779592912.8731067	28.15179419517517	0.24871253967285156
374	1779592913.1185887	1779592940.764286	27.645697355270386	0.2454819679260254
375	1779592941.0091453	1779592969.636144	28.62699866294861	0.2448592185974121
376	1779592969.8806114	1779592998.5139468	28.63333535194397	0.24446749687194824
377	1779592998.7607706	1779593027.2241783	28.46340775489807	0.24682378768920898
378	1779593027.4700363	1779593055.7735257	28.303489446640015	0.24585795402526855
379	1779593060.8317144	1779593089.9775229	29.145808458328247	5.0581886768341064
380	1779593090.2238073	1779593118.7802606	28.556453227996826	0.24628448486328125
381	1779593119.026626	1779593147.4345415	28.407915353775024	0.24636554718017578
382	1779593147.6837575	1779593177.2566051	29.572847604751587	0.24921607971191406
383	1779593177.5032651	1779593206.1779108	28.67464566230774	0.2466599941253662
384	1779593206.4302402	1779593235.476411	29.046170949935913	0.25232934951782227
385	1779593235.7264311	1779593266.4507244	30.72429323196411	0.25002002716064453
386	1779593266.7106128	1779593297.0126994	30.30208659172058	0.2598884105682373
387	1779593311.7805226	1779593339.5994115	27.818888902664185	14.767823219299316
388	1779593339.8502464	1779593367.6622245	27.811978101730347	0.25083494186401367
389	1779593367.9234023	1779593395.6678588	27.74445652961731	0.26117777824401855
390	1779593395.9224327	1779593423.9412136	28.018780946731567	0.2545738220214844
391	1779593424.190844	1779593452.4803624	28.289518356323242	0.24963045120239258
392	1779593452.7892416	1779593480.7488992	27.959657669067383	0.30887913703918457
393	1779593481.0001204	1779593510.0862577	29.086137294769287	0.2512211799621582
394	1779593510.3414354	1779593538.140735	27.799299478530884	0.25517773628234863
395	1779593542.8918388	1779593570.6196315	27.727792739868164	4.75110387802124
396	1779593570.8811967	1779593601.815076	30.933879375457764	0.2615652084350586
397	1779593602.0715382	1779593629.3215072	27.249969005584717	0.25646209716796875
398	1779593629.5791283	1779593661.3724954	31.79336714744568	0.25762104988098145
399	1779593661.6296976	1779593689.80784	28.178142547607422	0.2572021484375
400	1779593690.0631824	1779593718.6632314	28.600049018859863	0.2553422451019287
401	1779593718.922491	1779593747.4409595	28.518468379974365	0.2592597007751465
402	1779593747.7098048	1779593778.4455142	30.73570942878723	0.2688453197479248
403	1779593793.82102	1779593821.2187123	27.397692441940308	15.375505685806274
404	1779593821.4810753	1779593849.0659811	27.584905862808228	0.2623629570007324
405	1779593849.3274326	1779593877.0469294	27.719496726989746	0.26145148277282715
406	1779593877.3147597	1779593905.072132	27.75737237930298	0.26783037185668945
407	1779593905.3357627	1779593934.3909495	29.05518674850464	0.26363062858581543
408	1779593934.65406	1779593962.7154257	28.061365842819214	0.2631103992462158
409	1779593962.9806666	1779593990.667268	27.686601400375366	0.2652409076690674
410	1779593990.9318042	1779594019.9250543	28.993250131607056	0.26453614234924316
411	1779594024.7836065	1779594055.3158865	30.53227996826172	4.8585522174835205
412	1779594055.5851028	1779594085.654836	30.069733142852783	0.26921629905700684
413	1779594085.9203246	1779594113.9184897	27.998165130615234	0.2654886245727539
414	1779594114.1540208	1779594142.8318822	28.67786145210266	0.23553109169006348
415	1779594143.0945418	1779594171.3567011	28.26215934753418	0.26265954971313477
416	1779594171.6249804	1779594199.9962234	28.371243000030518	0.2682793140411377
417	1779594200.2628138	1779594228.587956	28.32514214515686	0.2665903568267822
418	1779594228.8635733	1779594257.0319717	28.16839838027954	0.2756173610687256
419	1779594273.64803	1779594304.0562184	30.408188343048096	16.616058349609375
420	1779594304.3237557	1779594332.3959756	28.072219848632812	0.26753735542297363
421	1779594332.6684184	1779594360.7807474	28.11232900619507	0.2724428176879883
422	1779594361.057149	1779594389.1465986	28.089449644088745	0.2764015197753906
423	1779594389.414231	1779594417.5026445	28.08841347694397	0.26763248443603516
424	1779594417.7785516	1779594446.0803015	28.30174994468689	0.275907039642334
425	1779594446.3228986	1779594474.9893177	28.66641902923584	0.24259710311889648
426	1779594475.261657	1779594503.7646828	28.503025770187378	0.2723393440246582
427	1779594508.555288	1779594536.4495492	27.894261121749878	4.790605306625366
428	1779594536.7263522	1779594564.353267	27.626914739608765	0.27680301666259766
429	1779594564.625847	1779594592.6932075	28.067360401153564	0.2725801467895508
430	1779594592.9679844	1779594621.2134502	28.245465755462646	0.2747769355773926
431	1779594621.4594047	1779594649.783155	28.323750257492065	0.2459545135498047
432	1779594650.0581925	1779594678.345963	28.28777050971985	0.2750375270843506
433	1779594678.6216667	1779594707.041292	28.419625282287598	0.27570366859436035
434	1779594707.3274503	1779594735.2022645	27.87481427192688	0.28615832328796387
435	1779594752.0180233	1779594780.2230906	28.20506739616394	16.81575870513916
436	1779594780.5022569	1779594809.2501385	28.747881650924683	0.27916622161865234
437	1779594809.5323708	1779594838.007902	28.475531101226807	0.28223228454589844
438	1779594838.2895105	1779594866.3861148	28.096604347229004	0.28160858154296875
439	1779594866.665161	1779594894.480367	27.815206050872803	0.27904605865478516
440	1779594894.7608619	1779594923.174394	28.4135320186615	0.28049492835998535
441	1779594923.455431	1779594952.9366682	29.481237173080444	0.2810370922088623
442	1779594953.2172072	1779594987.2000396	33.98283243179321	0.28053903579711914
443	1779594992.3286335	1779595020.4943066	28.16567301750183	5.128593921661377
444	1779595020.782985	1779595048.4791021	27.696117162704468	0.2886784076690674
445	1779595048.7641008	1779595076.352935	27.588834285736084	0.28499865531921387
446	1779595076.633962	1779595104.5685506	27.93458867073059	0.28102684020996094
447	1779595104.8531363	1779595132.9458497	28.092713356018066	0.28458571434020996
448	1779595133.2279594	1779595161.7538407	28.52588129043579	0.28210973739624023
449	1779595162.0417955	1779595194.2690878	32.22729229927063	0.28795480728149414
450	1779595194.5613604	1779595226.6010334	32.03967308998108	0.29227256774902344
451	1779595244.44775	1779595272.2187266	27.770976543426514	17.84671664237976
452	1779595272.5068061	1779595300.5709507	28.064144611358643	0.28807950019836426
453	1779595300.8603122	1779595329.3300145	28.46970224380493	0.28936147689819336
454	1779595329.6234531	1779595357.7458313	28.12237811088562	0.2934386730194092
455	1779595358.0370193	1779595386.4334123	28.396393060684204	0.29118800163269043
456	1779595386.7243874	1779595414.976519	28.252131700515747	0.29097509384155273
457	1779595415.2655132	1779595443.1952581	27.929744958877563	0.28899407386779785
458	1779595443.4873934	1779595472.0180063	28.53061294555664	0.29213523864746094
459	1779595477.2960255	1779595505.596098	28.30007243156433	5.278019189834595
460	1779595505.894053	1779595534.7937512	28.89969825744629	0.2979550361633301
461	1779595535.0868485	1779595563.4559917	28.36914324760437	0.29309725761413574
462	1779595563.7494705	1779595592.695371	28.945900440216064	0.29347872734069824
463	1779595592.9888701	1779595621.110743	28.121872901916504	0.293499231338501
464	1779595621.4046507	1779595649.3141	27.909449338912964	0.29390764236450195
465	1779595649.6099691	1779595681.0229983	31.413029193878174	0.2958691120147705
466	1779595681.328266	1779595709.890349	28.56208300590515	0.3052675724029541
467	1779595728.5929244	1779595756.4865942	27.893669843673706	18.70257544517517
468	1779595756.7825503	1779595784.8485148	28.065964460372925	0.2959561347961426
469	1779595785.1475961	1779595813.2225366	28.07494044303894	0.29908132553100586
470	1779595813.5307505	1779595841.8849137	28.35416316986084	0.3082139492034912
471	1779595842.184132	1779595870.3948762	28.21074414253235	0.29921841621398926
472	1779595870.6914449	1779595898.7885303	28.09708547592163	0.2965686321258545
473	1779595899.0943606	1779595928.8002455	29.70588493347168	0.3058302402496338
474	1779595929.098185	1779595959.9445446	30.846359491348267	0.2979395389556885
475	1779595964.717339	1779595993.0331476	28.315808534622192	4.772794485092163
476	1779595993.3466074	1779596021.2269912	27.880383729934692	0.3134598731994629
477	1779596021.5357666	1779596049.1443264	27.60855984687805	0.3087754249572754
478	1779596049.4475749	1779596078.31301	28.865435123443604	0.30324840545654297
479	1779596078.6179056	1779596106.9135675	28.29566192626953	0.30489563941955566
480	1779596107.219928	1779596135.6689198	28.448991775512695	0.30636048316955566
481	1779596135.9764605	1779596164.1723137	28.195853233337402	0.3075406551361084
482	1779596164.4841692	1779596192.6580985	28.17392921447754	0.3118555545806885
483	1779596212.3362982	1779596240.9398973	28.603599071502686	19.678199768066406
484	1779596241.2471023	1779596269.3459165	28.098814249038696	0.3072049617767334
485	1779596269.6257832	1779596297.4993556	27.87357234954834	0.27986669540405273
486	1779596297.8091528	1779596325.7625835	27.953430652618408	0.3097972869873047
487	1779596326.0731196	1779596354.2615442	28.188424587249756	0.31053614616394043
488	1779596354.569363	1779596383.401219	28.83185577392578	0.3078188896179199
489	1779596383.7135742	1779596412.5360487	28.822474479675293	0.31235527992248535
490	1779596412.845166	1779596440.7907484	27.945582389831543	0.30911731719970703
491	1779596445.6749005	1779596474.1215215	28.44662094116211	4.884152173995972
492	1779596474.440294	1779596502.637414	28.19711995124817	0.318772554397583
493	1779596502.9494803	1779596531.0774882	28.128007888793945	0.31206631660461426
494	1779596531.3900743	1779596559.386151	27.996076822280884	0.31258606910705566
495	1779596559.7016172	1779596588.1272955	28.425678253173828	0.31546616554260254
496	1779596588.4409995	1779596617.0900462	28.649046659469604	0.3137040138244629
497	1779596617.4044425	1779596645.5196764	28.115233898162842	0.31439638137817383
498	1779596645.8402216	1779596674.3077955	28.467573881149292	0.3205451965332031
499	1779596694.5397959	1779596723.3554237	28.815627813339233	20.23200035095215
500	1779596723.6702676	1779596752.1278074	28.457539796829224	0.31484389305114746
501	1779596752.4431915	1779596780.5377548	28.094563245773315	0.3153841495513916
502	1779596780.8610892	1779596808.9522762	28.091187000274658	0.3233344554901123
503	1779596809.2667546	1779596837.1746488	27.907894134521484	0.31447839736938477
