Round	Start	End	Benchmark_Elapsed	Tuning_overhead
31	1765750355.3814223	1765750388.0573318	32.67590951919556	1765750355.3814223
32	1765750388.153656	1765750924.6694036	536.5157475471497	0.09632420539855957
33	1765750928.4446487	1765750947.8389115	19.39426279067993	3.775245189666748
34	1765750947.9324074	1765750965.9284668	17.99605941772461	0.09349584579467773
35	1765750966.023477	1765750984.111177	18.08769989013672	0.09501028060913086
36	1765750984.2084205	1765751002.2331874	18.02476692199707	0.0972435474395752
37	1765751002.3328083	1765751020.1124415	17.779633283615112	0.09962081909179688
38	1765751020.2086735	1765751074.9755902	54.76691675186157	0.09623193740844727
39	1765751078.2189522	1765751097.9116323	19.69268012046814	3.2433619499206543
40	1765751098.0140703	1765751113.299385	15.285314798355103	0.10243797302246094
41	1765751113.4035206	1765751131.4097412	18.00622057914734	0.10413551330566406
42	1765751131.514253	1765751149.524751	18.010498046875	0.10451173782348633
43	1765751149.623782	1765751167.550392	17.926609992980957	0.09903097152709961
44	1765751167.6582751	1765751185.616376	17.95810079574585	0.10788321495056152
45	1765751185.7266653	1765751208.6006508	22.873985528945923	0.11028933525085449
46	1765751208.7109752	1765751226.6549923	17.94401717185974	0.11032438278198242
47	1765751226.7947211	1765751244.7967846	18.002063512802124	0.13972878456115723
48	1765751244.9097772	1765751262.9796295	18.069852352142334	0.11299252510070801
49	1765751266.492271	1765751673.0134218	406.52115082740784	3.512641429901123
50	1765751673.1259594	1765752406.7814775	733.6555180549622	0.11253762245178223
51	1765752406.8882203	1765753714.496961	1307.6087408065796	0.10674285888671875
52	1765753714.6128497	1765754885.1305802	1170.517730474472	0.11588859558105469
53	1765754885.2478657	1765756019.4537992	1134.2059335708618	0.11728549003601074
54	1765756019.5695956	1765756838.1266832	818.5570876598358	0.11579632759094238
55	1765756838.2842386	1765756862.565041	24.280802488327026	0.15755534172058105
56	1765756862.6866298	1765759486.5406883	2623.8540585041046	0.12158870697021484
57	1765759491.3830864	1765760890.3421433	1398.959056854248	4.842398166656494
58	1765760890.4653955	1765762040.2425873	1149.777191877365	0.12325215339660645
59	1765762040.3673317	1765764647.6981158	2607.3307840824127	0.12474441528320312
60	1765764647.8213592	1765765925.1108506	1277.2894914150238	0.12324333190917969
61	1765765925.2365496	1765768532.0786	2606.8420503139496	0.12569904327392578
62	1765768532.2059608	1765770173.849056	1641.643095254898	0.12736082077026367
63	1765770177.6939595	1765770562.811397	385.1174376010895	3.8449034690856934
64	1765770562.9406276	1765771687.9669728	1125.0263452529907	0.12923049926757812
65	1765771688.09498	1765772858.6005282	1170.5055482387543	0.128007173538208
66	1765772858.731005	1765773224.2228434	365.4918384552002	0.130476713180542
67	1765773224.305789	1765773556.34118	332.0353910923004	0.08294558525085449
68	1765773556.474037	1765774735.190993	1178.7169561386108	0.1328568458557129
69	1765774735.32357	1765777342.144826	2606.8212559223175	0.13257694244384766
70	1765777342.2822032	1765777683.3810694	341.09886622428894	0.13737726211547852
71	1765777683.570632	1765777706.6096458	23.039013862609863	0.18956255912780762
72	1765777710.3809144	1765778840.0578063	1129.6768918037415	3.771268606185913
73	1765778840.1720295	1765778863.5521324	23.38010287284851	0.11422324180603027
74	1765778863.6896925	1765779985.0096495	1121.3199570178986	0.13756012916564941
75	1765779985.1539652	1765782592.2597692	2607.105803966522	0.1443157196044922
76	1765782592.4012256	1765783728.9435234	1136.5422978401184	0.14145636558532715
77	1765783729.0871484	1765784064.427396	335.340247631073	0.14362502098083496
78	1765784064.5723476	1765786671.36138	2606.789032459259	0.14495158195495605
79	1765786675.281922	1765789296.25852	2620.9765977859497	3.920542001724243
80	1765789296.5351558	1765790461.073337	1164.5381813049316	0.27663588523864746
81	1765790461.2223012	1765793068.3412147	2607.118913412094	0.14896416664123535
82	1765793068.6068406	1765793119.0645547	50.45771408081055	0.2656259536743164
83	1765793119.2388823	1765794727.4851515	1608.2462692260742	0.17432761192321777
84	1765794727.6438763	1765797335.118119	2607.4742426872253	0.15872478485107422
85	1765797335.552771	1765798486.1756558	1150.6228847503662	0.43465209007263184
86	1765798486.3035867	1765801107.32812	2621.0245332717896	0.1279308795928955
87	1765801107.5958278	1765801138.976081	31.380253076553345	0.26770782470703125
88	1765801142.9228284	1765802252.9437249	1110.020896434784	3.9467475414276123
89	1765802253.1003404	1765803361.6998932	1108.5995528697968	0.1566154956817627
90	1765803361.8590128	1765804926.570055	1564.7110421657562	0.1591196060180664
91	1765804926.7277281	1765805345.804552	419.07682394981384	0.15767312049865723
92	1765805345.9639485	1765806488.9747572	1143.0108087062836	0.15939640998840332
93	1765806489.1336825	1765809096.5808172	2607.4471347332	0.15892529487609863
94	1765809096.7408009	1765809121.1102152	24.36941432952881	0.15998363494873047
95	1765809125.3213565	1765811732.1085649	2606.7872083187103	4.211141347885132
96	1765811732.2707691	1765812859.0263963	1126.755627155304	0.16220426559448242
97	1765812859.174567	1765813965.903553	1106.7289860248566	0.14817070960998535
98	1765813966.0309355	1765815144.2467082	1178.2157726287842	0.12738251686096191
99	1765815144.4139378	1765815529.5225437	385.1086058616638	0.16722965240478516
100	1765815529.6921432	1765818137.012108	2607.3199648857117	0.1695995330810547
101	1765818137.1794276	1765820745.5183141	2608.338886499405	0.16731953620910645
102	1765820745.6873996	1765821911.1647582	1165.4773585796356	0.16908550262451172
103	1765821914.7851434	1765823445.220932	1530.4357886314392	3.62038516998291
104	1765823445.3905234	1765826052.8161397	2607.4256162643433	0.16959142684936523
105	1765826052.9878778	1765828661.3264828	2608.338604927063	0.1717381477355957
106	1765828661.4996002	1765829788.6005359	1127.1009356975555	0.17311739921569824
107	1765829788.777339	1765829812.173371	23.396032094955444	0.1768031120300293
108	1765829812.3493388	1765830330.4265308	518.0771920681	0.17596769332885742
109	1765830330.5856695	1765832547.9689536	2217.3832840919495	0.15913867950439453
110	1765832548.1463368	1765835155.868251	2607.721914291382	0.1773831844329834
