Round	Start	End	Benchmark_Elapsed	Tuning_overhead
31	1765626943.4841313	1765626966.7421072	23.257975816726685	1765626943.4841313
32	1765626966.835074	1765627111.2649202	144.42984628677368	0.09296679496765137
33	1765627111.358781	1765627255.6368423	144.27806115150452	0.09386086463928223
34	1765627255.7328844	1765627396.2725632	140.53967881202698	0.09604215621948242
35	1765627396.3687665	1765627556.729152	160.36038541793823	0.09620332717895508
36	1765627556.8294373	1765627698.5308127	141.70137548446655	0.10028529167175293
37	1765627698.6299906	1765628008.951912	310.3219213485718	0.09917783737182617
38	1765628009.051855	1765628151.5328424	142.48098731040955	0.09994316101074219
39	1765628151.671136	1765628175.038761	23.36762499809265	0.13829350471496582
40	1765628178.5707574	1765628201.511058	22.940300703048706	3.531996488571167
41	1765628201.6130662	1765628224.578848	22.965781688690186	0.10200810432434082
42	1765628224.6828098	1765628363.0587296	138.37591981887817	0.10396194458007812
43	1765628363.1647217	1765628503.4250212	140.2602994441986	0.10599207878112793
44	1765628503.531873	1765628650.415388	146.8835151195526	0.10685181617736816
45	1765628650.523717	1765628792.97038	142.4466631412506	0.10832881927490234
46	1765628793.079888	1765628937.6017601	144.52187204360962	0.10950803756713867
47	1765628937.7604349	1765629140.9116402	203.1512053012848	0.1586747169494629
48	1765629144.3050432	1765629335.3286302	191.0235869884491	3.3934030532836914
49	1765629335.4414892	1765629526.628454	191.18696475028992	0.11285901069641113
50	1765629526.7424715	1765629836.9508193	310.2083477973938	0.11401748657226562
51	1765629837.0648813	1765629860.323918	23.259036779403687	0.11406207084655762
52	1765629860.4373143	1765629883.418028	22.980713844299316	0.11339616775512695
53	1765629883.5338674	1765629906.5189626	22.985095262527466	0.11583924293518066
54	1765629906.6376667	1765630112.2165816	205.57891488075256	0.11870408058166504
55	1765630115.6740892	1765630269.652257	153.9781677722931	3.457507610321045
56	1765630269.773666	1765630410.9842246	141.2105586528778	0.12140893936157227
57	1765630411.1014926	1765630565.3525693	154.25107669830322	0.11726808547973633
58	1765630565.470074	1765630705.288559	139.8184850215912	0.11750459671020508
59	1765630705.4076402	1765630728.6590044	23.25136423110962	0.11908125877380371
60	1765630728.7831495	1765630870.7972524	142.01410293579102	0.1241450309753418
61	1765630870.9235044	1765630894.8539393	23.930434942245483	0.1262519359588623
62	1765630894.9926357	1765630917.9541988	22.961563110351562	0.13869643211364746
63	1765630921.6102326	1765631059.1303983	137.520165681839	3.656033754348755
64	1765631059.2602785	1765631200.0302305	140.76995205879211	0.12988018989562988
65	1765631200.1538875	1765631342.0146832	141.86079573631287	0.1236569881439209
66	1765631342.1382496	1765631589.5863311	247.44808149337769	0.1235663890838623
67	1765631589.7131743	1765631731.3281913	141.61501693725586	0.12684321403503418
68	1765631731.4617333	1765631870.3907526	138.92901921272278	0.13354206085205078
69	1765631870.5170894	1765632044.542688	174.02559852600098	0.12633681297302246
70	1765632044.678495	1765632184.3818421	139.70334720611572	0.13580703735351562
71	1765632188.071253	1765632325.828754	137.75750088691711	3.689410924911499
72	1765632325.9577663	1765632349.2237937	23.266027450561523	0.1290123462677002
73	1765632349.3596833	1765632491.6104107	142.25072741508484	0.13588953018188477
74	1765632491.7042787	1765632514.8618135	23.15753483772278	0.09386801719665527
75	1765632515.0022156	1765632537.987073	22.984857320785522	0.14040207862854004
76	1765632538.1277108	1765632561.0859046	22.9581937789917	0.14063787460327148
77	1765632561.230074	1765632584.1988075	22.968733549118042	0.14416933059692383
78	1765632584.389089	1765632607.367834	22.978744983673096	0.19028162956237793
79	1765632611.1714942	1765632749.5646102	138.39311599731445	3.8036601543426514
80	1765632749.710145	1765632891.4891522	141.7790071964264	0.14553475379943848
81	1765632891.6249838	1765633034.9061081	143.2811243534088	0.13583159446716309
82	1765633035.055386	1765633175.9066787	140.85129261016846	0.149277925491333
83	1765633176.009503	1765633317.7654877	141.7559847831726	0.10282421112060547
84	1765633317.917497	1765633628.156513	310.2390160560608	0.1520092487335205
85	1765633628.3081536	1765633764.6378133	136.32965970039368	0.1516406536102295
86	1765633764.7942698	1765633903.6205268	138.82625699043274	0.15645647048950195
87	1765633907.3965957	1765634046.344106	138.94751024246216	3.776068925857544
88	1765634046.4993238	1765634185.9185748	139.4192509651184	0.15521788597106934
89	1765634186.0338845	1765634325.7150106	139.6811261177063	0.1153097152709961
90	1765634325.8723648	1765634463.2980497	137.42568492889404	0.15735411643981934
91	1765634463.4556684	1765634602.1580904	138.70242190361023	0.15761876106262207
92	1765634602.3198571	1765634743.3244565	141.00459933280945	0.16176676750183105
93	1765634743.4855752	1765634885.2069845	141.7214093208313	0.161118745803833
94	1765634885.3691318	1765635028.5386176	143.16948580741882	0.16214728355407715
95	1765635032.3817327	1765635173.678296	141.29656338691711	3.8431150913238525
96	1765635173.799782	1765635314.373695	140.573912858963	0.12148594856262207
97	1765635314.5229347	1765635338.0637944	23.540859699249268	0.14923977851867676
98	1765635338.229526	1765635477.9837692	139.75424313545227	0.16573166847229004
99	1765635478.1500115	1765635616.5666974	138.41668581962585	0.16624236106872559
100	1765635616.7173765	1765635755.4833477	138.76597118377686	0.1506791114807129
101	1765635755.6348352	1765635898.8044095	143.16957426071167	0.1514875888824463
102	1765635898.929349	1765636038.5987155	139.66936659812927	0.1249394416809082
103	1765636041.5167289	1765636180.6390681	139.12233924865723	2.918013334274292
104	1765636180.8125353	1765636317.7962785	136.98374319076538	0.17346715927124023
105	1765636317.970166	1765636455.4608438	137.49067783355713	0.1738874912261963
106	1765636455.6162617	1765636478.7530417	23.13678002357483	0.15541791915893555
107	1765636478.9292872	1765636629.3145182	150.3852310180664	0.17624545097351074
108	1765636629.4728336	1765636953.6255393	324.1527056694031	0.15831542015075684
109	1765636953.8041015	1765637246.7834456	292.9793441295624	0.17856216430664062
110	1765637246.9672608	1765637270.1460152	23.178754329681396	0.18381524085998535
